0.000000000000000000e+00 2.910000000000000000e+02 7.940000000000000000e+02 6.290000000000000000e+02 8.500000000000000000e+02 8.060000000000000000e+02 8.820000000000000000e+02 9.730000000000000000e+02 9.910000000000000000e+02 4.370000000000000000e+02 1.238000000000000000e+03 1.187000000000000000e+03 9.030000000000000000e+02 5.080000000000000000e+02 9.030000000000000000e+02 1.179000000000000000e+03 1.197000000000000000e+03 1.201000000000000000e+03 1.205000000000000000e+03 9.020000000000000000e+02 7.600000000000000000e+02 1.032000000000000000e+03 9.430000000000000000e+02 1.106000000000000000e+03 9.990000000000000000e+02 1.011000000000000000e+03 1.527000000000000000e+03 1.339000000000000000e+03 1.059000000000000000e+03 1.206000000000000000e+03 1.794000000000000000e+03 1.338000000000000000e+03 1.714000000000000000e+03 1.741000000000000000e+03 1.498000000000000000e+03 1.852000000000000000e+03 1.625000000000000000e+03 1.858000000000000000e+03
2.910000000000000000e+02 0.000000000000000000e+00 5.130000000000000000e+02 3.420000000000000000e+02 5.640000000000000000e+02 5.150000000000000000e+02 5.910000000000000000e+02 6.830000000000000000e+02 7.010000000000000000e+02 4.570000000000000000e+02 9.470000000000000000e+02 8.960000000000000000e+02 6.220000000000000000e+02 4.840000000000000000e+02 6.250000000000000000e+02 8.910000000000000000e+02 9.100000000000000000e+02 9.140000000000000000e+02 9.190000000000000000e+02 6.610000000000000000e+02 8.110000000000000000e+02 7.790000000000000000e+02 7.180000000000000000e+02 8.480000000000000000e+02 7.750000000000000000e+02 7.920000000000000000e+02 1.253000000000000000e+03 1.083000000000000000e+03 9.660000000000000000e+02 1.046000000000000000e+03 1.534000000000000000e+03 1.193000000000000000e+03 1.472000000000000000e+03 1.496000000000000000e+03 1.308000000000000000e+03 1.599000000000000000e+03 1.413000000000000000e+03 1.649000000000000000e+03
7.940000000000000000e+02 5.130000000000000000e+02 0.000000000000000000e+00 1.750000000000000000e+02 6.900000000000000000e+01 1.670000000000000000e+02 1.820000000000000000e+02 3.000000000000000000e+02 3.120000000000000000e+02 8.830000000000000000e+02 4.920000000000000000e+02 4.640000000000000000e+02 3.710000000000000000e+02 8.660000000000000000e+02 3.910000000000000000e+02 5.030000000000000000e+02 5.220000000000000000e+02 5.310000000000000000e+02 5.360000000000000000e+02 5.920000000000000000e+02 1.201000000000000000e+03 6.220000000000000000e+02 6.790000000000000000e+02 6.520000000000000000e+02 7.210000000000000000e+02 7.480000000000000000e+02 9.230000000000000000e+02 8.510000000000000000e+02 1.154000000000000000e+03 1.095000000000000000e+03 1.246000000000000000e+03 1.251000000000000000e+03 1.252000000000000000e+03 1.267000000000000000e+03 1.252000000000000000e+03 1.331000000000000000e+03 1.288000000000000000e+03 1.514000000000000000e+03
6.290000000000000000e+02 3.420000000000000000e+02 1.750000000000000000e+02 0.000000000000000000e+00 2.230000000000000000e+02 2.000000000000000000e+02 2.660000000000000000e+02 3.760000000000000000e+02 3.930000000000000000e+02 7.140000000000000000e+02 6.210000000000000000e+02 5.780000000000000000e+02 3.750000000000000000e+02 7.030000000000000000e+02 3.890000000000000000e+02 5.920000000000000000e+02 6.120000000000000000e+02 6.190000000000000000e+02 6.230000000000000000e+02 5.350000000000000000e+02 1.040000000000000000e+03 6.040000000000000000e+02 6.170000000000000000e+02 6.530000000000000000e+02 6.680000000000000000e+02 6.930000000000000000e+02 9.930000000000000000e+02 8.750000000000000000e+02 1.040000000000000000e+03 1.021000000000000000e+03 1.301000000000000000e+03 1.178000000000000000e+03 1.279000000000000000e+03 1.298000000000000000e+03 1.217000000000000000e+03 1.379000000000000000e+03 1.279000000000000000e+03 1.512000000000000000e+03
8.500000000000000000e+02 5.640000000000000000e+02 6.900000000000000000e+01 2.230000000000000000e+02 0.000000000000000000e+00 1.390000000000000000e+02 1.270000000000000000e+02 2.390000000000000000e+02 2.500000000000000000e+02 9.120000000000000000e+02 4.230000000000000000e+02 3.950000000000000000e+02 3.290000000000000000e+02 8.900000000000000000e+02 3.510000000000000000e+02 4.360000000000000000e+02 4.550000000000000000e+02 4.640000000000000000e+02 4.700000000000000000e+02 5.640000000000000000e+02 1.220000000000000000e+03 5.800000000000000000e+02 6.510000000000000000e+02 6.040000000000000000e+02 6.900000000000000000e+02 7.170000000000000000e+02 8.580000000000000000e+02 7.950000000000000000e+02 1.145000000000000000e+03 1.068000000000000000e+03 1.182000000000000000e+03 1.223000000000000000e+03 1.194000000000000000e+03 1.207000000000000000e+03 1.210000000000000000e+03 1.269000000000000000e+03 1.239000000000000000e+03 1.462000000000000000e+03
8.060000000000000000e+02 5.150000000000000000e+02 1.670000000000000000e+02 2.000000000000000000e+02 1.390000000000000000e+02 0.000000000000000000e+00 7.700000000000000000e+01 1.760000000000000000e+02 1.940000000000000000e+02 8.080000000000000000e+02 4.320000000000000000e+02 3.830000000000000000e+02 2.060000000000000000e+02 7.770000000000000000e+02 2.250000000000000000e+02 3.930000000000000000e+02 4.120000000000000000e+02 4.190000000000000000e+02 4.240000000000000000e+02 4.270000000000000000e+02 1.100000000000000000e+03 4.550000000000000000e+02 5.140000000000000000e+02 4.890000000000000000e+02 5.550000000000000000e+02 5.820000000000000000e+02 7.960000000000000000e+02 6.970000000000000000e+02 1.006000000000000000e+03 9.310000000000000000e+02 1.110000000000000000e+03 1.087000000000000000e+03 1.101000000000000000e+03 1.117000000000000000e+03 1.085000000000000000e+03 1.191000000000000000e+03 1.125000000000000000e+03 1.353000000000000000e+03
8.820000000000000000e+02 5.910000000000000000e+02 1.820000000000000000e+02 2.660000000000000000e+02 1.270000000000000000e+02 7.700000000000000000e+01 0.000000000000000000e+00 1.190000000000000000e+02 1.340000000000000000e+02 8.820000000000000000e+02 3.570000000000000000e+02 3.120000000000000000e+02 2.070000000000000000e+02 8.470000000000000000e+02 2.290000000000000000e+02 3.320000000000000000e+02 3.510000000000000000e+02 3.590000000000000000e+02 3.640000000000000000e+02 4.510000000000000000e+02 1.166000000000000000e+03 4.560000000000000000e+02 5.370000000000000000e+02 4.770000000000000000e+02 5.730000000000000000e+02 6.000000000000000000e+02 7.460000000000000000e+02 6.700000000000000000e+02 1.048000000000000000e+03 9.530000000000000000e+02 1.066000000000000000e+03 1.107000000000000000e+03 1.070000000000000000e+03 1.085000000000000000e+03 1.085000000000000000e+03 1.150000000000000000e+03 1.112000000000000000e+03 1.335000000000000000e+03
9.730000000000000000e+02 6.830000000000000000e+02 3.000000000000000000e+02 3.760000000000000000e+02 2.390000000000000000e+02 1.760000000000000000e+02 1.190000000000000000e+02 0.000000000000000000e+00 1.800000000000000000e+01 9.260000000000000000e+02 2.730000000000000000e+02 2.150000000000000000e+02 1.540000000000000000e+02 8.820000000000000000e+02 1.760000000000000000e+02 2.160000000000000000e+02 2.360000000000000000e+02 2.430000000000000000e+02 2.480000000000000000e+02 4.040000000000000000e+02 1.186000000000000000e+03 3.750000000000000000e+02 4.850000000000000000e+02 3.820000000000000000e+02 5.110000000000000000e+02 5.380000000000000000e+02 6.270000000000000000e+02 5.580000000000000000e+02 1.016000000000000000e+03 8.900000000000000000e+02 9.470000000000000000e+02 1.041000000000000000e+03 9.550000000000000000e+02 9.690000000000000000e+02 9.940000000000000000e+02 1.032000000000000000e+03 1.009000000000000000e+03 1.228000000000000000e+03
9.910000000000000000e+02 7.010000000000000000e+02 3.120000000000000000e+02 3.930000000000000000e+02 2.500000000000000000e+02 1.940000000000000000e+02 1.340000000000000000e+02 1.800000000000000000e+01 0.000000000000000000e+00 9.430000000000000000e+02 2.550000000000000000e+02 1.970000000000000000e+02 1.650000000000000000e+02 8.980000000000000000e+02 1.860000000000000000e+02 1.990000000000000000e+02 2.190000000000000000e+02 2.260000000000000000e+02 2.310000000000000000e+02 4.120000000000000000e+02 1.200000000000000000e+03 3.760000000000000000e+02 4.910000000000000000e+02 3.790000000000000000e+02 5.160000000000000000e+02 5.430000000000000000e+02 6.120000000000000000e+02 5.500000000000000000e+02 1.025000000000000000e+03 8.940000000000000000e+02 9.330000000000000000e+02 1.044000000000000000e+03 9.450000000000000000e+02 9.580000000000000000e+02 9.920000000000000000e+02 1.019000000000000000e+03 1.003000000000000000e+03 1.221000000000000000e+03
4.370000000000000000e+02 4.570000000000000000e+02 8.830000000000000000e+02 7.140000000000000000e+02 9.120000000000000000e+02 8.080000000000000000e+02 8.820000000000000000e+02 9.260000000000000000e+02 9.430000000000000000e+02 0.000000000000000000e+00 1.196000000000000000e+03 1.131000000000000000e+03 8.010000000000000000e+02 8.800000000000000000e+01 7.890000000000000000e+02 1.087000000000000000e+03 1.102000000000000000e+03 1.102000000000000000e+03 1.105000000000000000e+03 6.780000000000000000e+02 3.550000000000000000e+02 8.190000000000000000e+02 6.810000000000000000e+02 8.970000000000000000e+02 7.260000000000000000e+02 7.290000000000000000e+02 1.340000000000000000e+03 1.107000000000000000e+03 6.350000000000000000e+02 8.260000000000000000e+02 1.551000000000000000e+03 9.400000000000000000e+02 1.432000000000000000e+03 1.462000000000000000e+03 1.141000000000000000e+03 1.591000000000000000e+03 1.292000000000000000e+03 1.515000000000000000e+03
1.238000000000000000e+03 9.470000000000000000e+02 4.920000000000000000e+02 6.210000000000000000e+02 4.230000000000000000e+02 4.320000000000000000e+02 3.570000000000000000e+02 2.730000000000000000e+02 2.550000000000000000e+02 1.196000000000000000e+03 0.000000000000000000e+00 7.000000000000000000e+01 4.000000000000000000e+02 1.147000000000000000e+03 4.150000000000000000e+02 1.590000000000000000e+02 1.600000000000000000e+02 1.700000000000000000e+02 1.730000000000000000e+02 6.110000000000000000e+02 1.439000000000000000e+03 5.260000000000000000e+02 6.760000000000000000e+02 4.910000000000000000e+02 6.830000000000000000e+02 7.070000000000000000e+02 5.030000000000000000e+02 5.600000000000000000e+02 1.214000000000000000e+03 1.037000000000000000e+03 8.320000000000000000e+02 1.173000000000000000e+03 9.000000000000000000e+02 9.040000000000000000e+02 1.060000000000000000e+03 9.290000000000000000e+02 1.025000000000000000e+03 1.216000000000000000e+03
1.187000000000000000e+03 8.960000000000000000e+02 4.640000000000000000e+02 5.780000000000000000e+02 3.950000000000000000e+02 3.830000000000000000e+02 3.120000000000000000e+02 2.150000000000000000e+02 1.970000000000000000e+02 1.131000000000000000e+03 7.000000000000000000e+01 0.000000000000000000e+00 3.320000000000000000e+02 1.081000000000000000e+03 3.470000000000000000e+02 9.800000000000000000e+01 1.050000000000000000e+02 1.160000000000000000e+02 1.200000000000000000e+02 5.410000000000000000e+02 1.371000000000000000e+03 4.580000000000000000e+02 6.060000000000000000e+02 4.260000000000000000e+02 6.140000000000000000e+02 6.390000000000000000e+02 4.890000000000000000e+02 5.130000000000000000e+02 1.145000000000000000e+03 9.720000000000000000e+02 8.190000000000000000e+02 1.110000000000000000e+03 8.710000000000000000e+02 8.780000000000000000e+02 1.007000000000000000e+03 9.130000000000000000e+02 9.800000000000000000e+02 1.179000000000000000e+03
9.030000000000000000e+02 6.220000000000000000e+02 3.710000000000000000e+02 3.750000000000000000e+02 3.290000000000000000e+02 2.060000000000000000e+02 2.070000000000000000e+02 1.540000000000000000e+02 1.650000000000000000e+02 8.010000000000000000e+02 4.000000000000000000e+02 3.320000000000000000e+02 0.000000000000000000e+00 7.490000000000000000e+02 2.300000000000000000e+01 2.890000000000000000e+02 3.050000000000000000e+02 3.070000000000000000e+02 3.100000000000000000e+02 2.520000000000000000e+02 1.041000000000000000e+03 2.510000000000000000e+02 3.360000000000000000e+02 2.840000000000000000e+02 3.680000000000000000e+02 3.950000000000000000e+02 6.330000000000000000e+02 5.000000000000000000e+02 8.620000000000000000e+02 7.490000000000000000e+02 9.300000000000000000e+02 9.020000000000000000e+02 9.040000000000000000e+02 9.230000000000000000e+02 8.820000000000000000e+02 1.005000000000000000e+03 9.190000000000000000e+02 1.148000000000000000e+03
5.080000000000000000e+02 4.840000000000000000e+02 8.660000000000000000e+02 7.030000000000000000e+02 8.900000000000000000e+02 7.770000000000000000e+02 8.470000000000000000e+02 8.820000000000000000e+02 8.980000000000000000e+02 8.800000000000000000e+01 1.147000000000000000e+03 1.081000000000000000e+03 7.490000000000000000e+02 0.000000000000000000e+00 7.360000000000000000e+02 1.032000000000000000e+03 1.046000000000000000e+03 1.045000000000000000e+03 1.047000000000000000e+03 6.070000000000000000e+02 3.390000000000000000e+02 7.480000000000000000e+02 6.040000000000000000e+02 8.250000000000000000e+02 6.470000000000000000e+02 6.480000000000000000e+02 1.267000000000000000e+03 1.029000000000000000e+03 5.540000000000000000e+02 7.380000000000000000e+02 1.470000000000000000e+03 8.540000000000000000e+02 1.347000000000000000e+03 1.378000000000000000e+03 1.053000000000000000e+03 1.508000000000000000e+03 1.205000000000000000e+03 1.427000000000000000e+03
9.030000000000000000e+02 6.250000000000000000e+02 3.910000000000000000e+02 3.890000000000000000e+02 3.510000000000000000e+02 2.250000000000000000e+02 2.290000000000000000e+02 1.760000000000000000e+02 1.860000000000000000e+02 7.890000000000000000e+02 4.150000000000000000e+02 3.470000000000000000e+02 2.300000000000000000e+01 7.360000000000000000e+02 0.000000000000000000e+00 2.980000000000000000e+02 3.140000000000000000e+02 3.150000000000000000e+02 3.180000000000000000e+02 2.290000000000000000e+02 1.024000000000000000e+03 2.310000000000000000e+02 3.120000000000000000e+02 2.660000000000000000e+02 3.440000000000000000e+02 3.720000000000000000e+02 6.290000000000000000e+02 4.870000000000000000e+02 8.400000000000000000e+02 7.250000000000000000e+02 9.210000000000000000e+02 8.790000000000000000e+02 8.910000000000000000e+02 9.100000000000000000e+02 8.610000000000000000e+02 9.950000000000000000e+02 9.010000000000000000e+02 1.130000000000000000e+03
1.179000000000000000e+03 8.910000000000000000e+02 5.030000000000000000e+02 5.920000000000000000e+02 4.360000000000000000e+02 3.930000000000000000e+02 3.320000000000000000e+02 2.160000000000000000e+02 1.990000000000000000e+02 1.087000000000000000e+03 1.590000000000000000e+02 9.800000000000000000e+01 2.890000000000000000e+02 1.032000000000000000e+03 2.980000000000000000e+02 0.000000000000000000e+00 1.900000000000000000e+01 2.800000000000000000e+01 3.300000000000000000e+01 4.660000000000000000e+02 1.309000000000000000e+03 3.700000000000000000e+02 5.250000000000000000e+02 3.320000000000000000e+02 5.280000000000000000e+02 5.510000000000000000e+02 4.230000000000000000e+02 4.180000000000000000e+02 1.061000000000000000e+03 8.780000000000000000e+02 7.500000000000000000e+02 1.014000000000000000e+03 7.870000000000000000e+02 7.960000000000000000e+02 9.090000000000000000e+02 8.410000000000000000e+02 8.860000000000000000e+02 1.088000000000000000e+03
1.197000000000000000e+03 9.100000000000000000e+02 5.220000000000000000e+02 6.120000000000000000e+02 4.550000000000000000e+02 4.120000000000000000e+02 3.510000000000000000e+02 2.360000000000000000e+02 2.190000000000000000e+02 1.102000000000000000e+03 1.600000000000000000e+02 1.050000000000000000e+02 3.050000000000000000e+02 1.046000000000000000e+03 3.140000000000000000e+02 1.900000000000000000e+01 0.000000000000000000e+00 1.200000000000000000e+01 1.700000000000000000e+01 4.760000000000000000e+02 1.321000000000000000e+03 3.750000000000000000e+02 5.320000000000000000e+02 3.340000000000000000e+02 5.330000000000000000e+02 5.560000000000000000e+02 4.050000000000000000e+02 4.090000000000000000e+02 1.066000000000000000e+03 8.790000000000000000e+02 7.330000000000000000e+02 1.014000000000000000e+03 7.730000000000000000e+02 7.810000000000000000e+02 9.030000000000000000e+02 8.240000000000000000e+02 8.760000000000000000e+02 1.076000000000000000e+03
1.201000000000000000e+03 9.140000000000000000e+02 5.310000000000000000e+02 6.190000000000000000e+02 4.640000000000000000e+02 4.190000000000000000e+02 3.590000000000000000e+02 2.430000000000000000e+02 2.260000000000000000e+02 1.102000000000000000e+03 1.700000000000000000e+02 1.160000000000000000e+02 3.070000000000000000e+02 1.045000000000000000e+03 3.150000000000000000e+02 2.800000000000000000e+01 1.200000000000000000e+01 0.000000000000000000e+00 5.000000000000000000e+00 4.710000000000000000e+02 1.317000000000000000e+03 3.680000000000000000e+02 5.260000000000000000e+02 3.250000000000000000e+02 5.260000000000000000e+02 5.490000000000000000e+02 3.950000000000000000e+02 3.970000000000000000e+02 1.059000000000000000e+03 8.700000000000000000e+02 7.220000000000000000e+02 1.004000000000000000e+03 7.610000000000000000e+02 7.690000000000000000e+02 8.920000000000000000e+02 8.130000000000000000e+02 8.640000000000000000e+02 1.064000000000000000e+03
1.205000000000000000e+03 9.190000000000000000e+02 5.360000000000000000e+02 6.230000000000000000e+02 4.700000000000000000e+02 4.240000000000000000e+02 3.640000000000000000e+02 2.480000000000000000e+02 2.310000000000000000e+02 1.105000000000000000e+03 1.730000000000000000e+02 1.200000000000000000e+02 3.100000000000000000e+02 1.047000000000000000e+03 3.180000000000000000e+02 3.300000000000000000e+01 1.700000000000000000e+01 5.000000000000000000e+00 0.000000000000000000e+00 4.720000000000000000e+02 1.319000000000000000e+03 3.680000000000000000e+02 5.260000000000000000e+02 3.240000000000000000e+02 5.260000000000000000e+02 5.480000000000000000e+02 3.890000000000000000e+02 3.930000000000000000e+02 1.059000000000000000e+03 8.680000000000000000e+02 7.170000000000000000e+02 1.002000000000000000e+03 7.560000000000000000e+02 7.640000000000000000e+02 8.890000000000000000e+02 8.080000000000000000e+02 8.600000000000000000e+02 1.060000000000000000e+03
9.020000000000000000e+02 6.610000000000000000e+02 5.920000000000000000e+02 5.350000000000000000e+02 5.640000000000000000e+02 4.270000000000000000e+02 4.510000000000000000e+02 4.040000000000000000e+02 4.120000000000000000e+02 6.780000000000000000e+02 6.110000000000000000e+02 5.410000000000000000e+02 2.520000000000000000e+02 6.070000000000000000e+02 2.290000000000000000e+02 4.660000000000000000e+02 4.760000000000000000e+02 4.710000000000000000e+02 4.720000000000000000e+02 0.000000000000000000e+00 8.510000000000000000e+02 1.410000000000000000e+02 8.700000000000000000e+01 2.190000000000000000e+02 1.330000000000000000e+02 1.590000000000000000e+02 6.630000000000000000e+02 4.420000000000000000e+02 6.140000000000000000e+02 5.040000000000000000e+02 8.960000000000000000e+02 6.600000000000000000e+02 8.140000000000000000e+02 8.400000000000000000e+02 6.830000000000000000e+02 9.510000000000000000e+02 7.600000000000000000e+02 9.970000000000000000e+02
7.600000000000000000e+02 8.110000000000000000e+02 1.201000000000000000e+03 1.040000000000000000e+03 1.220000000000000000e+03 1.100000000000000000e+03 1.166000000000000000e+03 1.186000000000000000e+03 1.200000000000000000e+03 3.550000000000000000e+02 1.439000000000000000e+03 1.371000000000000000e+03 1.041000000000000000e+03 3.390000000000000000e+02 1.024000000000000000e+03 1.309000000000000000e+03 1.321000000000000000e+03 1.317000000000000000e+03 1.319000000000000000e+03 8.510000000000000000e+02 0.000000000000000000e+00 9.790000000000000000e+02 8.180000000000000000e+02 1.051000000000000000e+03 8.440000000000000000e+02 8.350000000000000000e+02 1.475000000000000000e+03 1.217000000000000000e+03 4.960000000000000000e+02 7.740000000000000000e+02 1.623000000000000000e+03 8.350000000000000000e+02 1.467000000000000000e+03 1.500000000000000000e+03 1.094000000000000000e+03 1.642000000000000000e+03 1.273000000000000000e+03 1.469000000000000000e+03
1.032000000000000000e+03 7.790000000000000000e+02 6.220000000000000000e+02 6.040000000000000000e+02 5.800000000000000000e+02 4.550000000000000000e+02 4.560000000000000000e+02 3.750000000000000000e+02 3.760000000000000000e+02 8.190000000000000000e+02 5.260000000000000000e+02 4.580000000000000000e+02 2.510000000000000000e+02 7.480000000000000000e+02 2.310000000000000000e+02 3.700000000000000000e+02 3.750000000000000000e+02 3.680000000000000000e+02 3.680000000000000000e+02 1.410000000000000000e+02 9.790000000000000000e+02 0.000000000000000000e+00 1.640000000000000000e+02 7.800000000000000000e+01 1.580000000000000000e+02 1.810000000000000000e+02 5.210000000000000000e+02 3.070000000000000000e+02 6.910000000000000000e+02 5.220000000000000000e+02 7.620000000000000000e+02 6.680000000000000000e+02 6.950000000000000000e+02 7.180000000000000000e+02 6.300000000000000000e+02 8.210000000000000000e+02 6.750000000000000000e+02 9.080000000000000000e+02
9.430000000000000000e+02 7.180000000000000000e+02 6.790000000000000000e+02 6.170000000000000000e+02 6.510000000000000000e+02 5.140000000000000000e+02 5.370000000000000000e+02 4.850000000000000000e+02 4.910000000000000000e+02 6.810000000000000000e+02 6.760000000000000000e+02 6.060000000000000000e+02 3.360000000000000000e+02 6.040000000000000000e+02 3.120000000000000000e+02 5.250000000000000000e+02 5.320000000000000000e+02 5.260000000000000000e+02 5.260000000000000000e+02 8.700000000000000000e+01 8.180000000000000000e+02 1.640000000000000000e+02 0.000000000000000000e+00 2.330000000000000000e+02 5.700000000000000000e+01 7.700000000000000000e+01 6.670000000000000000e+02 4.260000000000000000e+02 5.400000000000000000e+02 4.170000000000000000e+02 8.730000000000000000e+02 5.730000000000000000e+02 7.730000000000000000e+02 8.000000000000000000e+02 6.050000000000000000e+02 9.200000000000000000e+02 6.950000000000000000e+02 9.320000000000000000e+02
1.106000000000000000e+03 8.480000000000000000e+02 6.520000000000000000e+02 6.530000000000000000e+02 6.040000000000000000e+02 4.890000000000000000e+02 4.770000000000000000e+02 3.820000000000000000e+02 3.790000000000000000e+02 8.970000000000000000e+02 4.910000000000000000e+02 4.260000000000000000e+02 2.840000000000000000e+02 8.250000000000000000e+02 2.660000000000000000e+02 3.320000000000000000e+02 3.340000000000000000e+02 3.250000000000000000e+02 3.240000000000000000e+02 2.190000000000000000e+02 1.051000000000000000e+03 7.800000000000000000e+01 2.330000000000000000e+02 0.000000000000000000e+00 2.140000000000000000e+02 2.320000000000000000e+02 4.430000000000000000e+02 2.350000000000000000e+02 7.410000000000000000e+02 5.460000000000000000e+02 6.880000000000000000e+02 6.840000000000000000e+02 6.320000000000000000e+02 6.530000000000000000e+02 6.120000000000000000e+02 7.510000000000000000e+02 6.360000000000000000e+02 8.640000000000000000e+02
9.990000000000000000e+02 7.750000000000000000e+02 7.210000000000000000e+02 6.680000000000000000e+02 6.900000000000000000e+02 5.550000000000000000e+02 5.730000000000000000e+02 5.110000000000000000e+02 5.160000000000000000e+02 7.260000000000000000e+02 6.830000000000000000e+02 6.140000000000000000e+02 3.680000000000000000e+02 6.470000000000000000e+02 3.440000000000000000e+02 5.280000000000000000e+02 5.330000000000000000e+02 5.260000000000000000e+02 5.260000000000000000e+02 1.330000000000000000e+02 8.440000000000000000e+02 1.580000000000000000e+02 5.700000000000000000e+01 2.140000000000000000e+02 0.000000000000000000e+00 2.700000000000000000e+01 6.330000000000000000e+02 3.830000000000000000e+02 5.330000000000000000e+02 3.810000000000000000e+02 8.250000000000000000e+02 5.340000000000000000e+02 7.190000000000000000e+02 7.470000000000000000e+02 5.510000000000000000e+02 8.690000000000000000e+02 6.390000000000000000e+02 8.750000000000000000e+02
1.011000000000000000e+03 7.920000000000000000e+02 7.480000000000000000e+02 6.930000000000000000e+02 7.170000000000000000e+02 5.820000000000000000e+02 6.000000000000000000e+02 5.380000000000000000e+02 5.430000000000000000e+02 7.290000000000000000e+02 7.070000000000000000e+02 6.390000000000000000e+02 3.950000000000000000e+02 6.480000000000000000e+02 3.720000000000000000e+02 5.510000000000000000e+02 5.560000000000000000e+02 5.490000000000000000e+02 5.480000000000000000e+02 1.590000000000000000e+02 8.350000000000000000e+02 1.810000000000000000e+02 7.700000000000000000e+01 2.320000000000000000e+02 2.700000000000000000e+01 0.000000000000000000e+00 6.410000000000000000e+02 3.870000000000000000e+02 5.110000000000000000e+02 3.540000000000000000e+02 8.230000000000000000e+02 5.070000000000000000e+02 7.110000000000000000e+02 7.390000000000000000e+02 5.280000000000000000e+02 8.640000000000000000e+02 6.210000000000000000e+02 8.570000000000000000e+02
1.527000000000000000e+03 1.253000000000000000e+03 9.230000000000000000e+02 9.930000000000000000e+02 8.580000000000000000e+02 7.960000000000000000e+02 7.460000000000000000e+02 6.270000000000000000e+02 6.120000000000000000e+02 1.340000000000000000e+03 5.030000000000000000e+02 4.890000000000000000e+02 6.330000000000000000e+02 1.267000000000000000e+03 6.290000000000000000e+02 4.230000000000000000e+02 4.050000000000000000e+02 3.950000000000000000e+02 3.890000000000000000e+02 6.630000000000000000e+02 1.475000000000000000e+03 5.210000000000000000e+02 6.670000000000000000e+02 4.430000000000000000e+02 6.330000000000000000e+02 6.410000000000000000e+02 0.000000000000000000e+00 2.650000000000000000e+02 1.099000000000000000e+03 8.340000000000000000e+02 3.300000000000000000e+02 9.210000000000000000e+02 4.150000000000000000e+02 4.130000000000000000e+02 7.090000000000000000e+02 4.260000000000000000e+02 6.050000000000000000e+02 7.520000000000000000e+02
1.339000000000000000e+03 1.083000000000000000e+03 8.510000000000000000e+02 8.750000000000000000e+02 7.950000000000000000e+02 6.970000000000000000e+02 6.700000000000000000e+02 5.580000000000000000e+02 5.500000000000000000e+02 1.107000000000000000e+03 5.600000000000000000e+02 5.130000000000000000e+02 5.000000000000000000e+02 1.029000000000000000e+03 4.870000000000000000e+02 4.180000000000000000e+02 4.090000000000000000e+02 3.970000000000000000e+02 3.930000000000000000e+02 4.420000000000000000e+02 1.217000000000000000e+03 3.070000000000000000e+02 4.260000000000000000e+02 2.350000000000000000e+02 3.830000000000000000e+02 3.870000000000000000e+02 2.650000000000000000e+02 0.000000000000000000e+00 8.350000000000000000e+02 5.760000000000000000e+02 4.550000000000000000e+02 6.770000000000000000e+02 4.040000000000000000e+02 4.230000000000000000e+02 5.090000000000000000e+02 5.160000000000000000e+02 4.670000000000000000e+02 6.740000000000000000e+02
1.059000000000000000e+03 9.660000000000000000e+02 1.154000000000000000e+03 1.040000000000000000e+03 1.145000000000000000e+03 1.006000000000000000e+03 1.048000000000000000e+03 1.016000000000000000e+03 1.025000000000000000e+03 6.350000000000000000e+02 1.214000000000000000e+03 1.145000000000000000e+03 8.620000000000000000e+02 5.540000000000000000e+02 8.400000000000000000e+02 1.061000000000000000e+03 1.066000000000000000e+03 1.059000000000000000e+03 1.059000000000000000e+03 6.140000000000000000e+02 4.960000000000000000e+02 6.910000000000000000e+02 5.400000000000000000e+02 7.410000000000000000e+02 5.330000000000000000e+02 5.110000000000000000e+02 1.099000000000000000e+03 8.350000000000000000e+02 0.000000000000000000e+00 2.960000000000000000e+02 1.182000000000000000e+03 3.390000000000000000e+02 1.006000000000000000e+03 1.039000000000000000e+03 6.040000000000000000e+02 1.186000000000000000e+03 7.890000000000000000e+02 9.740000000000000000e+02
1.206000000000000000e+03 1.046000000000000000e+03 1.095000000000000000e+03 1.021000000000000000e+03 1.068000000000000000e+03 9.310000000000000000e+02 9.530000000000000000e+02 8.900000000000000000e+02 8.940000000000000000e+02 8.260000000000000000e+02 1.037000000000000000e+03 9.720000000000000000e+02 7.490000000000000000e+02 7.380000000000000000e+02 7.250000000000000000e+02 8.780000000000000000e+02 8.790000000000000000e+02 8.700000000000000000e+02 8.680000000000000000e+02 5.040000000000000000e+02 7.740000000000000000e+02 5.220000000000000000e+02 4.170000000000000000e+02 5.460000000000000000e+02 3.810000000000000000e+02 3.540000000000000000e+02 8.340000000000000000e+02 5.760000000000000000e+02 2.960000000000000000e+02 0.000000000000000000e+00 8.890000000000000000e+02 1.570000000000000000e+02 7.100000000000000000e+02 7.430000000000000000e+02 3.230000000000000000e+02 8.890000000000000000e+02 4.990000000000000000e+02 7.010000000000000000e+02
1.794000000000000000e+03 1.534000000000000000e+03 1.246000000000000000e+03 1.301000000000000000e+03 1.182000000000000000e+03 1.110000000000000000e+03 1.066000000000000000e+03 9.470000000000000000e+02 9.330000000000000000e+02 1.551000000000000000e+03 8.320000000000000000e+02 8.190000000000000000e+02 9.300000000000000000e+02 1.470000000000000000e+03 9.210000000000000000e+02 7.500000000000000000e+02 7.330000000000000000e+02 7.220000000000000000e+02 7.170000000000000000e+02 8.960000000000000000e+02 1.623000000000000000e+03 7.620000000000000000e+02 8.730000000000000000e+02 6.880000000000000000e+02 8.250000000000000000e+02 8.230000000000000000e+02 3.300000000000000000e+02 4.550000000000000000e+02 1.182000000000000000e+03 8.890000000000000000e+02 0.000000000000000000e+00 9.220000000000000000e+02 2.110000000000000000e+02 1.830000000000000000e+02 6.500000000000000000e+02 1.020000000000000000e+02 4.790000000000000000e+02 5.240000000000000000e+02
1.338000000000000000e+03 1.193000000000000000e+03 1.251000000000000000e+03 1.178000000000000000e+03 1.223000000000000000e+03 1.087000000000000000e+03 1.107000000000000000e+03 1.041000000000000000e+03 1.044000000000000000e+03 9.400000000000000000e+02 1.173000000000000000e+03 1.110000000000000000e+03 9.020000000000000000e+02 8.540000000000000000e+02 8.790000000000000000e+02 1.014000000000000000e+03 1.014000000000000000e+03 1.004000000000000000e+03 1.002000000000000000e+03 6.600000000000000000e+02 8.350000000000000000e+02 6.680000000000000000e+02 5.730000000000000000e+02 6.840000000000000000e+02 5.340000000000000000e+02 5.070000000000000000e+02 9.210000000000000000e+02 6.770000000000000000e+02 3.390000000000000000e+02 1.570000000000000000e+02 9.220000000000000000e+02 0.000000000000000000e+00 7.250000000000000000e+02 7.580000000000000000e+02 2.870000000000000000e+02 9.060000000000000000e+02 4.780000000000000000e+02 6.410000000000000000e+02
1.714000000000000000e+03 1.472000000000000000e+03 1.252000000000000000e+03 1.279000000000000000e+03 1.194000000000000000e+03 1.101000000000000000e+03 1.070000000000000000e+03 9.550000000000000000e+02 9.450000000000000000e+02 1.432000000000000000e+03 9.000000000000000000e+02 8.710000000000000000e+02 9.040000000000000000e+02 1.347000000000000000e+03 8.910000000000000000e+02 7.870000000000000000e+02 7.730000000000000000e+02 7.610000000000000000e+02 7.560000000000000000e+02 8.140000000000000000e+02 1.467000000000000000e+03 6.950000000000000000e+02 7.730000000000000000e+02 6.320000000000000000e+02 7.190000000000000000e+02 7.110000000000000000e+02 4.150000000000000000e+02 4.040000000000000000e+02 1.006000000000000000e+03 7.100000000000000000e+02 2.110000000000000000e+02 7.250000000000000000e+02 0.000000000000000000e+00 3.400000000000000000e+01 4.450000000000000000e+02 1.810000000000000000e+02 2.690000000000000000e+02 3.420000000000000000e+02
1.741000000000000000e+03 1.496000000000000000e+03 1.267000000000000000e+03 1.298000000000000000e+03 1.207000000000000000e+03 1.117000000000000000e+03 1.085000000000000000e+03 9.690000000000000000e+02 9.580000000000000000e+02 1.462000000000000000e+03 9.040000000000000000e+02 8.780000000000000000e+02 9.230000000000000000e+02 1.378000000000000000e+03 9.100000000000000000e+02 7.960000000000000000e+02 7.810000000000000000e+02 7.690000000000000000e+02 7.640000000000000000e+02 8.400000000000000000e+02 1.500000000000000000e+03 7.180000000000000000e+02 8.000000000000000000e+02 6.530000000000000000e+02 7.470000000000000000e+02 7.390000000000000000e+02 4.130000000000000000e+02 4.230000000000000000e+02 1.039000000000000000e+03 7.430000000000000000e+02 1.830000000000000000e+02 7.580000000000000000e+02 3.400000000000000000e+01 0.000000000000000000e+00 4.780000000000000000e+02 1.470000000000000000e+02 2.990000000000000000e+02 3.550000000000000000e+02
1.498000000000000000e+03 1.308000000000000000e+03 1.252000000000000000e+03 1.217000000000000000e+03 1.210000000000000000e+03 1.085000000000000000e+03 1.085000000000000000e+03 9.940000000000000000e+02 9.920000000000000000e+02 1.141000000000000000e+03 1.060000000000000000e+03 1.007000000000000000e+03 8.820000000000000000e+02 1.053000000000000000e+03 8.610000000000000000e+02 9.090000000000000000e+02 9.030000000000000000e+02 8.920000000000000000e+02 8.890000000000000000e+02 6.830000000000000000e+02 1.094000000000000000e+03 6.300000000000000000e+02 6.050000000000000000e+02 6.120000000000000000e+02 5.510000000000000000e+02 5.280000000000000000e+02 7.090000000000000000e+02 5.090000000000000000e+02 6.040000000000000000e+02 3.230000000000000000e+02 6.500000000000000000e+02 2.870000000000000000e+02 4.450000000000000000e+02 4.780000000000000000e+02 0.000000000000000000e+00 6.230000000000000000e+02 1.910000000000000000e+02 3.780000000000000000e+02
1.852000000000000000e+03 1.599000000000000000e+03 1.331000000000000000e+03 1.379000000000000000e+03 1.269000000000000000e+03 1.191000000000000000e+03 1.150000000000000000e+03 1.032000000000000000e+03 1.019000000000000000e+03 1.591000000000000000e+03 9.290000000000000000e+02 9.130000000000000000e+02 1.005000000000000000e+03 1.508000000000000000e+03 9.950000000000000000e+02 8.410000000000000000e+02 8.240000000000000000e+02 8.130000000000000000e+02 8.080000000000000000e+02 9.510000000000000000e+02 1.642000000000000000e+03 8.210000000000000000e+02 9.200000000000000000e+02 7.510000000000000000e+02 8.690000000000000000e+02 8.640000000000000000e+02 4.260000000000000000e+02 5.160000000000000000e+02 1.186000000000000000e+03 8.890000000000000000e+02 1.020000000000000000e+02 9.060000000000000000e+02 1.810000000000000000e+02 1.470000000000000000e+02 6.230000000000000000e+02 0.000000000000000000e+00 4.410000000000000000e+02 4.440000000000000000e+02
1.625000000000000000e+03 1.413000000000000000e+03 1.288000000000000000e+03 1.279000000000000000e+03 1.239000000000000000e+03 1.125000000000000000e+03 1.112000000000000000e+03 1.009000000000000000e+03 1.003000000000000000e+03 1.292000000000000000e+03 1.025000000000000000e+03 9.800000000000000000e+02 9.190000000000000000e+02 1.205000000000000000e+03 9.010000000000000000e+02 8.860000000000000000e+02 8.760000000000000000e+02 8.640000000000000000e+02 8.600000000000000000e+02 7.600000000000000000e+02 1.273000000000000000e+03 6.750000000000000000e+02 6.950000000000000000e+02 6.360000000000000000e+02 6.390000000000000000e+02 6.210000000000000000e+02 6.050000000000000000e+02 4.670000000000000000e+02 7.890000000000000000e+02 4.990000000000000000e+02 4.790000000000000000e+02 4.780000000000000000e+02 2.690000000000000000e+02 2.990000000000000000e+02 1.910000000000000000e+02 4.410000000000000000e+02 0.000000000000000000e+00 2.360000000000000000e+02
1.858000000000000000e+03 1.649000000000000000e+03 1.514000000000000000e+03 1.512000000000000000e+03 1.462000000000000000e+03 1.353000000000000000e+03 1.335000000000000000e+03 1.228000000000000000e+03 1.221000000000000000e+03 1.515000000000000000e+03 1.216000000000000000e+03 1.179000000000000000e+03 1.148000000000000000e+03 1.427000000000000000e+03 1.130000000000000000e+03 1.088000000000000000e+03 1.076000000000000000e+03 1.064000000000000000e+03 1.060000000000000000e+03 9.970000000000000000e+02 1.469000000000000000e+03 9.080000000000000000e+02 9.320000000000000000e+02 8.640000000000000000e+02 8.750000000000000000e+02 8.570000000000000000e+02 7.520000000000000000e+02 6.740000000000000000e+02 9.740000000000000000e+02 7.010000000000000000e+02 5.240000000000000000e+02 6.410000000000000000e+02 3.420000000000000000e+02 3.550000000000000000e+02 3.780000000000000000e+02 4.440000000000000000e+02 2.360000000000000000e+02 0.000000000000000000e+00
