0.000000000000000000e+00 7.500000000000000000e+01 4.110000000000000000e+03 3.048000000000000000e+03 2.267000000000000000e+03 9.740000000000000000e+02 4.190000000000000000e+03 3.302000000000000000e+03 4.758000000000000000e+03 3.044000000000000000e+03 3.095000000000000000e+03 3.986000000000000000e+03 5.093000000000000000e+03 6.406000000000000000e+03 5.903000000000000000e+03 8.436000000000000000e+03 6.963000000000000000e+03 6.694000000000000000e+03 6.576000000000000000e+03 8.009000000000000000e+03 7.398000000000000000e+03 7.266000000000000000e+03 7.425000000000000000e+03 9.639000000000000000e+03 9.229000000000000000e+03 8.320000000000000000e+03 9.301000000000000000e+03 8.102000000000000000e+03 7.799000000000000000e+03
7.500000000000000000e+01 0.000000000000000000e+00 4.070000000000000000e+03 2.999000000000000000e+03 2.214000000000000000e+03 9.010000000000000000e+02 4.137000000000000000e+03 3.239000000000000000e+03 4.701000000000000000e+03 2.970000000000000000e+03 3.021000000000000000e+03 3.914000000000000000e+03 5.024000000000000000e+03 6.337000000000000000e+03 5.829000000000000000e+03 8.368000000000000000e+03 6.890000000000000000e+03 6.620000000000000000e+03 6.501000000000000000e+03 7.938000000000000000e+03 7.324000000000000000e+03 7.192000000000000000e+03 7.351000000000000000e+03 9.570000000000000000e+03 9.159000000000000000e+03 8.248000000000000000e+03 9.230000000000000000e+03 8.029000000000000000e+03 7.724000000000000000e+03
4.110000000000000000e+03 4.070000000000000000e+03 0.000000000000000000e+00 1.172000000000000000e+03 1.973000000000000000e+03 3.496000000000000000e+03 8.910000000000000000e+02 1.815000000000000000e+03 1.415000000000000000e+03 3.673000000000000000e+03 3.777000000000000000e+03 2.996000000000000000e+03 2.876000000000000000e+03 3.904000000000000000e+03 5.056000000000000000e+03 5.441000000000000000e+03 4.990000000000000000e+03 5.150000000000000000e+03 5.316000000000000000e+03 5.595000000000000000e+03 5.726000000000000000e+03 5.810000000000000000e+03 5.857000000000000000e+03 6.675000000000000000e+03 6.465000000000000000e+03 6.060000000000000000e+03 6.522000000000000000e+03 6.164000000000000000e+03 6.163000000000000000e+03
3.048000000000000000e+03 2.999000000000000000e+03 1.172000000000000000e+03 0.000000000000000000e+00 8.170000000000000000e+02 2.350000000000000000e+03 1.172000000000000000e+03 9.950000000000000000e+02 1.797000000000000000e+03 2.648000000000000000e+03 2.755000000000000000e+03 2.315000000000000000e+03 2.720000000000000000e+03 3.972000000000000000e+03 4.547000000000000000e+03 5.802000000000000000e+03 4.883000000000000000e+03 4.886000000000000000e+03 4.959000000000000000e+03 5.695000000000000000e+03 5.536000000000000000e+03 5.545000000000000000e+03 5.634000000000000000e+03 7.044000000000000000e+03 6.740000000000000000e+03 6.110000000000000000e+03 6.804000000000000000e+03 6.090000000000000000e+03 5.976000000000000000e+03
2.267000000000000000e+03 2.214000000000000000e+03 1.973000000000000000e+03 8.170000000000000000e+02 0.000000000000000000e+00 1.533000000000000000e+03 1.924000000000000000e+03 1.188000000000000000e+03 2.497000000000000000e+03 2.208000000000000000e+03 2.312000000000000000e+03 2.324000000000000000e+03 3.088000000000000000e+03 4.400000000000000000e+03 4.557000000000000000e+03 6.341000000000000000e+03 5.174000000000000000e+03 5.071000000000000000e+03 5.074000000000000000e+03 6.094000000000000000e+03 5.754000000000000000e+03 5.711000000000000000e+03 5.827000000000000000e+03 7.572000000000000000e+03 7.220000000000000000e+03 6.471000000000000000e+03 7.288000000000000000e+03 6.373000000000000000e+03 6.186000000000000000e+03
9.740000000000000000e+02 9.010000000000000000e+02 3.496000000000000000e+03 2.350000000000000000e+03 1.533000000000000000e+03 0.000000000000000000e+00 3.417000000000000000e+03 2.410000000000000000e+03 3.935000000000000000e+03 2.114000000000000000e+03 2.175000000000000000e+03 3.014000000000000000e+03 4.141000000000000000e+03 5.449000000000000000e+03 4.955000000000000000e+03 7.490000000000000000e+03 5.989000000000000000e+03 5.724000000000000000e+03 5.615000000000000000e+03 7.039000000000000000e+03 6.429000000000000000e+03 6.302000000000000000e+03 6.458000000000000000e+03 8.685000000000000000e+03 8.267000000000000000e+03 7.347000000000000000e+03 8.338000000000000000e+03 7.130000000000000000e+03 6.832000000000000000e+03
4.190000000000000000e+03 4.137000000000000000e+03 8.910000000000000000e+02 1.172000000000000000e+03 1.924000000000000000e+03 3.417000000000000000e+03 0.000000000000000000e+00 1.233000000000000000e+03 6.510000000000000000e+02 3.086000000000000000e+03 3.184000000000000000e+03 2.202000000000000000e+03 1.987000000000000000e+03 3.064000000000000000e+03 4.180000000000000000e+03 4.734000000000000000e+03 4.116000000000000000e+03 4.261000000000000000e+03 4.425000000000000000e+03 4.775000000000000000e+03 4.843000000000000000e+03 4.921000000000000000e+03 4.971000000000000000e+03 5.977000000000000000e+03 5.719000000000000000e+03 5.227000000000000000e+03 5.780000000000000000e+03 5.301000000000000000e+03 5.281000000000000000e+03
3.302000000000000000e+03 3.239000000000000000e+03 1.815000000000000000e+03 9.950000000000000000e+02 1.188000000000000000e+03 2.410000000000000000e+03 1.233000000000000000e+03 0.000000000000000000e+00 1.586000000000000000e+03 1.877000000000000000e+03 1.979000000000000000e+03 1.321000000000000000e+03 1.900000000000000000e+03 3.213000000000000000e+03 3.556000000000000000e+03 5.175000000000000000e+03 4.005000000000000000e+03 3.946000000000000000e+03 3.992000000000000000e+03 4.906000000000000000e+03 4.615000000000000000e+03 4.599000000000000000e+03 4.700000000000000000e+03 6.400000000000000000e+03 6.037000000000000000e+03 5.287000000000000000e+03 6.105000000000000000e+03 5.209000000000000000e+03 5.051000000000000000e+03
4.758000000000000000e+03 4.701000000000000000e+03 1.415000000000000000e+03 1.797000000000000000e+03 2.497000000000000000e+03 3.935000000000000000e+03 6.510000000000000000e+02 1.586000000000000000e+03 0.000000000000000000e+00 3.285000000000000000e+03 3.374000000000000000e+03 2.177000000000000000e+03 1.576000000000000000e+03 2.491000000000000000e+03 3.884000000000000000e+03 4.088000000000000000e+03 3.600000000000000000e+03 3.818000000000000000e+03 4.029000000000000000e+03 4.180000000000000000e+03 4.356000000000000000e+03 4.468000000000000000e+03 4.497000000000000000e+03 5.330000000000000000e+03 5.083000000000000000e+03 4.645000000000000000e+03 5.143000000000000000e+03 4.761000000000000000e+03 4.787000000000000000e+03
3.044000000000000000e+03 2.970000000000000000e+03 3.673000000000000000e+03 2.648000000000000000e+03 2.208000000000000000e+03 2.114000000000000000e+03 3.086000000000000000e+03 1.877000000000000000e+03 3.285000000000000000e+03 0.000000000000000000e+00 1.070000000000000000e+02 1.360000000000000000e+03 2.674000000000000000e+03 3.822000000000000000e+03 2.864000000000000000e+03 5.889000000000000000e+03 4.089000000000000000e+03 3.722000000000000000e+03 3.560000000000000000e+03 5.217000000000000000e+03 4.421000000000000000e+03 4.256000000000000000e+03 4.428000000000000000e+03 7.000000000000000000e+03 6.513000000000000000e+03 5.455000000000000000e+03 6.587000000000000000e+03 5.156000000000000000e+03 4.801000000000000000e+03
3.095000000000000000e+03 3.021000000000000000e+03 3.777000000000000000e+03 2.755000000000000000e+03 2.312000000000000000e+03 2.175000000000000000e+03 3.184000000000000000e+03 1.979000000000000000e+03 3.374000000000000000e+03 1.070000000000000000e+02 0.000000000000000000e+00 1.412000000000000000e+03 2.724000000000000000e+03 3.851000000000000000e+03 2.824000000000000000e+03 5.915000000000000000e+03 4.087000000000000000e+03 3.704000000000000000e+03 3.530000000000000000e+03 5.221000000000000000e+03 4.401000000000000000e+03 4.227000000000000000e+03 4.402000000000000000e+03 7.016000000000000000e+03 6.523000000000000000e+03 5.450000000000000000e+03 6.597000000000000000e+03 5.140000000000000000e+03 4.776000000000000000e+03
3.986000000000000000e+03 3.914000000000000000e+03 2.996000000000000000e+03 2.315000000000000000e+03 2.324000000000000000e+03 3.014000000000000000e+03 2.202000000000000000e+03 1.321000000000000000e+03 2.177000000000000000e+03 1.360000000000000000e+03 1.412000000000000000e+03 0.000000000000000000e+00 1.314000000000000000e+03 2.510000000000000000e+03 2.250000000000000000e+03 4.583000000000000000e+03 2.980000000000000000e+03 2.777000000000000000e+03 2.753000000000000000e+03 4.031000000000000000e+03 3.474000000000000000e+03 3.402000000000000000e+03 3.530000000000000000e+03 5.733000000000000000e+03 5.282000000000000000e+03 4.334000000000000000e+03 5.354000000000000000e+03 4.142000000000000000e+03 3.897000000000000000e+03
5.093000000000000000e+03 5.024000000000000000e+03 2.876000000000000000e+03 2.720000000000000000e+03 3.088000000000000000e+03 4.141000000000000000e+03 1.987000000000000000e+03 1.900000000000000000e+03 1.576000000000000000e+03 2.674000000000000000e+03 2.724000000000000000e+03 1.314000000000000000e+03 0.000000000000000000e+00 1.322000000000000000e+03 2.330000000000000000e+03 3.350000000000000000e+03 2.171000000000000000e+03 2.274000000000000000e+03 2.458000000000000000e+03 3.007000000000000000e+03 2.866000000000000000e+03 2.934000000000000000e+03 2.987000000000000000e+03 4.547000000000000000e+03 4.153000000000000000e+03 3.399000000000000000e+03 4.222000000000000000e+03 3.375000000000000000e+03 3.306000000000000000e+03
6.406000000000000000e+03 6.337000000000000000e+03 3.904000000000000000e+03 3.972000000000000000e+03 4.400000000000000000e+03 5.449000000000000000e+03 3.064000000000000000e+03 3.213000000000000000e+03 2.491000000000000000e+03 3.822000000000000000e+03 3.851000000000000000e+03 2.510000000000000000e+03 1.322000000000000000e+03 0.000000000000000000e+00 2.350000000000000000e+03 2.073000000000000000e+03 1.203000000000000000e+03 1.670000000000000000e+03 2.041000000000000000e+03 1.725000000000000000e+03 1.998000000000000000e+03 2.212000000000000000e+03 2.172000000000000000e+03 3.238000000000000000e+03 2.831000000000000000e+03 2.164000000000000000e+03 2.901000000000000000e+03 2.284000000000000000e+03 2.397000000000000000e+03
5.903000000000000000e+03 5.829000000000000000e+03 5.056000000000000000e+03 4.547000000000000000e+03 4.557000000000000000e+03 4.955000000000000000e+03 4.180000000000000000e+03 3.556000000000000000e+03 3.884000000000000000e+03 2.864000000000000000e+03 2.824000000000000000e+03 2.250000000000000000e+03 2.330000000000000000e+03 2.350000000000000000e+03 0.000000000000000000e+00 3.950000000000000000e+03 1.740000000000000000e+03 1.108000000000000000e+03 7.720000000000000000e+02 2.880000000000000000e+03 1.701000000000000000e+03 1.450000000000000000e+03 1.650000000000000000e+03 4.780000000000000000e+03 4.197000000000000000e+03 2.931000000000000000e+03 4.270000000000000000e+03 2.470000000000000000e+03 2.010000000000000000e+03
8.436000000000000000e+03 8.368000000000000000e+03 5.441000000000000000e+03 5.802000000000000000e+03 6.341000000000000000e+03 7.490000000000000000e+03 4.734000000000000000e+03 5.175000000000000000e+03 4.088000000000000000e+03 5.889000000000000000e+03 5.915000000000000000e+03 4.583000000000000000e+03 3.350000000000000000e+03 2.073000000000000000e+03 3.950000000000000000e+03 0.000000000000000000e+00 2.221000000000000000e+03 2.897000000000000000e+03 3.324000000000000000e+03 1.275000000000000000e+03 2.651000000000000000e+03 3.018000000000000000e+03 2.837000000000000000e+03 1.244000000000000000e+03 1.088000000000000000e+03 1.642000000000000000e+03 1.129000000000000000e+03 2.252000000000000000e+03 2.773000000000000000e+03
6.963000000000000000e+03 6.890000000000000000e+03 4.990000000000000000e+03 4.883000000000000000e+03 5.174000000000000000e+03 5.989000000000000000e+03 4.116000000000000000e+03 4.005000000000000000e+03 3.600000000000000000e+03 4.089000000000000000e+03 4.087000000000000000e+03 2.980000000000000000e+03 2.171000000000000000e+03 1.203000000000000000e+03 1.740000000000000000e+03 2.221000000000000000e+03 0.000000000000000000e+00 6.830000000000000000e+02 1.116000000000000000e+03 1.173000000000000000e+03 7.960000000000000000e+02 1.040000000000000000e+03 9.740000000000000000e+02 3.063000000000000000e+03 2.504000000000000000e+03 1.367000000000000000e+03 2.578000000000000000e+03 1.207000000000000000e+03 1.201000000000000000e+03
6.694000000000000000e+03 6.620000000000000000e+03 5.150000000000000000e+03 4.886000000000000000e+03 5.071000000000000000e+03 5.724000000000000000e+03 4.261000000000000000e+03 3.946000000000000000e+03 3.818000000000000000e+03 3.722000000000000000e+03 3.704000000000000000e+03 2.777000000000000000e+03 2.274000000000000000e+03 1.670000000000000000e+03 1.108000000000000000e+03 2.897000000000000000e+03 6.830000000000000000e+02 0.000000000000000000e+00 4.330000000000000000e+02 1.776000000000000000e+03 7.050000000000000000e+02 6.630000000000000000e+02 7.560000000000000000e+02 3.674000000000000000e+03 3.089000000000000000e+03 1.834000000000000000e+03 3.162000000000000000e+03 1.438000000000000000e+03 1.120000000000000000e+03
6.576000000000000000e+03 6.501000000000000000e+03 5.316000000000000000e+03 4.959000000000000000e+03 5.074000000000000000e+03 5.615000000000000000e+03 4.425000000000000000e+03 3.992000000000000000e+03 4.029000000000000000e+03 3.560000000000000000e+03 3.530000000000000000e+03 2.753000000000000000e+03 2.458000000000000000e+03 2.041000000000000000e+03 7.720000000000000000e+02 3.324000000000000000e+03 1.116000000000000000e+03 4.330000000000000000e+02 0.000000000000000000e+00 2.174000000000000000e+03 9.290000000000000000e+02 6.980000000000000000e+02 8.850000000000000000e+02 4.064000000000000000e+03 3.468000000000000000e+03 2.177000000000000000e+03 3.540000000000000000e+03 1.698000000000000000e+03 1.252000000000000000e+03
8.009000000000000000e+03 7.938000000000000000e+03 5.595000000000000000e+03 5.695000000000000000e+03 6.094000000000000000e+03 7.039000000000000000e+03 4.775000000000000000e+03 4.906000000000000000e+03 4.180000000000000000e+03 5.217000000000000000e+03 5.221000000000000000e+03 4.031000000000000000e+03 3.007000000000000000e+03 1.725000000000000000e+03 2.880000000000000000e+03 1.275000000000000000e+03 1.173000000000000000e+03 1.776000000000000000e+03 2.174000000000000000e+03 0.000000000000000000e+00 1.400000000000000000e+03 1.770000000000000000e+03 1.577000000000000000e+03 1.900000000000000000e+03 1.331000000000000000e+03 5.100000000000000000e+02 1.405000000000000000e+03 1.002000000000000000e+03 1.498000000000000000e+03
7.398000000000000000e+03 7.324000000000000000e+03 5.726000000000000000e+03 5.536000000000000000e+03 5.754000000000000000e+03 6.429000000000000000e+03 4.843000000000000000e+03 4.615000000000000000e+03 4.356000000000000000e+03 4.421000000000000000e+03 4.401000000000000000e+03 3.474000000000000000e+03 2.866000000000000000e+03 1.998000000000000000e+03 1.701000000000000000e+03 2.651000000000000000e+03 7.960000000000000000e+02 7.050000000000000000e+02 9.290000000000000000e+02 1.400000000000000000e+03 0.000000000000000000e+00 3.710000000000000000e+02 1.980000000000000000e+02 3.222000000000000000e+03 2.610000000000000000e+03 1.285000000000000000e+03 2.679000000000000000e+03 7.690000000000000000e+02 4.400000000000000000e+02
7.266000000000000000e+03 7.192000000000000000e+03 5.810000000000000000e+03 5.545000000000000000e+03 5.711000000000000000e+03 6.302000000000000000e+03 4.921000000000000000e+03 4.599000000000000000e+03 4.468000000000000000e+03 4.256000000000000000e+03 4.227000000000000000e+03 3.402000000000000000e+03 2.934000000000000000e+03 2.212000000000000000e+03 1.450000000000000000e+03 3.018000000000000000e+03 1.040000000000000000e+03 6.630000000000000000e+02 6.980000000000000000e+02 1.770000000000000000e+03 3.710000000000000000e+02 0.000000000000000000e+00 2.200000000000000000e+02 3.583000000000000000e+03 2.969000000000000000e+03 1.638000000000000000e+03 3.037000000000000000e+03 1.070000000000000000e+03 5.600000000000000000e+02
7.425000000000000000e+03 7.351000000000000000e+03 5.857000000000000000e+03 5.634000000000000000e+03 5.827000000000000000e+03 6.458000000000000000e+03 4.971000000000000000e+03 4.700000000000000000e+03 4.497000000000000000e+03 4.428000000000000000e+03 4.402000000000000000e+03 3.530000000000000000e+03 2.987000000000000000e+03 2.172000000000000000e+03 1.650000000000000000e+03 2.837000000000000000e+03 9.740000000000000000e+02 7.560000000000000000e+02 8.850000000000000000e+02 1.577000000000000000e+03 1.980000000000000000e+02 2.200000000000000000e+02 0.000000000000000000e+00 3.370000000000000000e+03 2.754000000000000000e+03 1.422000000000000000e+03 2.822000000000000000e+03 8.510000000000000000e+02 3.740000000000000000e+02
9.639000000000000000e+03 9.570000000000000000e+03 6.675000000000000000e+03 7.044000000000000000e+03 7.572000000000000000e+03 8.685000000000000000e+03 5.977000000000000000e+03 6.400000000000000000e+03 5.330000000000000000e+03 7.000000000000000000e+03 7.016000000000000000e+03 5.733000000000000000e+03 4.547000000000000000e+03 3.238000000000000000e+03 4.780000000000000000e+03 1.244000000000000000e+03 3.063000000000000000e+03 3.674000000000000000e+03 4.064000000000000000e+03 1.900000000000000000e+03 3.222000000000000000e+03 3.583000000000000000e+03 3.370000000000000000e+03 0.000000000000000000e+00 6.200000000000000000e+02 1.951000000000000000e+03 5.590000000000000000e+02 2.580000000000000000e+03 3.173000000000000000e+03
9.229000000000000000e+03 9.159000000000000000e+03 6.465000000000000000e+03 6.740000000000000000e+03 7.220000000000000000e+03 8.267000000000000000e+03 5.719000000000000000e+03 6.037000000000000000e+03 5.083000000000000000e+03 6.513000000000000000e+03 6.523000000000000000e+03 5.282000000000000000e+03 4.153000000000000000e+03 2.831000000000000000e+03 4.197000000000000000e+03 1.088000000000000000e+03 2.504000000000000000e+03 3.089000000000000000e+03 3.468000000000000000e+03 1.331000000000000000e+03 2.610000000000000000e+03 2.969000000000000000e+03 2.754000000000000000e+03 6.200000000000000000e+02 0.000000000000000000e+00 1.333000000000000000e+03 7.500000000000000000e+01 1.960000000000000000e+03 2.553000000000000000e+03
8.320000000000000000e+03 8.248000000000000000e+03 6.060000000000000000e+03 6.110000000000000000e+03 6.471000000000000000e+03 7.347000000000000000e+03 5.227000000000000000e+03 5.287000000000000000e+03 4.645000000000000000e+03 5.455000000000000000e+03 5.450000000000000000e+03 4.334000000000000000e+03 3.399000000000000000e+03 2.164000000000000000e+03 2.931000000000000000e+03 1.642000000000000000e+03 1.367000000000000000e+03 1.834000000000000000e+03 2.177000000000000000e+03 5.100000000000000000e+02 1.285000000000000000e+03 1.638000000000000000e+03 1.422000000000000000e+03 1.951000000000000000e+03 1.333000000000000000e+03 0.000000000000000000e+00 1.400000000000000000e+03 6.480000000000000000e+02 1.230000000000000000e+03
9.301000000000000000e+03 9.230000000000000000e+03 6.522000000000000000e+03 6.804000000000000000e+03 7.288000000000000000e+03 8.338000000000000000e+03 5.780000000000000000e+03 6.105000000000000000e+03 5.143000000000000000e+03 6.587000000000000000e+03 6.597000000000000000e+03 5.354000000000000000e+03 4.222000000000000000e+03 2.901000000000000000e+03 4.270000000000000000e+03 1.129000000000000000e+03 2.578000000000000000e+03 3.162000000000000000e+03 3.540000000000000000e+03 1.405000000000000000e+03 2.679000000000000000e+03 3.037000000000000000e+03 2.822000000000000000e+03 5.590000000000000000e+02 7.500000000000000000e+01 1.400000000000000000e+03 0.000000000000000000e+00 2.024000000000000000e+03 2.616000000000000000e+03
8.102000000000000000e+03 8.029000000000000000e+03 6.164000000000000000e+03 6.090000000000000000e+03 6.373000000000000000e+03 7.130000000000000000e+03 5.301000000000000000e+03 5.209000000000000000e+03 4.761000000000000000e+03 5.156000000000000000e+03 5.140000000000000000e+03 4.142000000000000000e+03 3.375000000000000000e+03 2.284000000000000000e+03 2.470000000000000000e+03 2.252000000000000000e+03 1.207000000000000000e+03 1.438000000000000000e+03 1.698000000000000000e+03 1.002000000000000000e+03 7.690000000000000000e+02 1.070000000000000000e+03 8.510000000000000000e+02 2.580000000000000000e+03 1.960000000000000000e+03 6.480000000000000000e+02 2.024000000000000000e+03 0.000000000000000000e+00 5.930000000000000000e+02
7.799000000000000000e+03 7.724000000000000000e+03 6.163000000000000000e+03 5.976000000000000000e+03 6.186000000000000000e+03 6.832000000000000000e+03 5.281000000000000000e+03 5.051000000000000000e+03 4.787000000000000000e+03 4.801000000000000000e+03 4.776000000000000000e+03 3.897000000000000000e+03 3.306000000000000000e+03 2.397000000000000000e+03 2.010000000000000000e+03 2.773000000000000000e+03 1.201000000000000000e+03 1.120000000000000000e+03 1.252000000000000000e+03 1.498000000000000000e+03 4.400000000000000000e+02 5.600000000000000000e+02 3.740000000000000000e+02 3.173000000000000000e+03 2.553000000000000000e+03 1.230000000000000000e+03 2.616000000000000000e+03 5.930000000000000000e+02 0.000000000000000000e+00
